10 20.4 30.7 40.5 50.5 61 71 81 91 100 150 199
2 1.9 1.8 1.7 1.6 1.5 1.4 1.3 1.2 1.1 1
1 1 1 1 1 1 1 1 1 1 1
1.222 1.2 1.177 1.156 1.133 1.11 1.089 1.066 1.045 1.023 1.0
1.359 1.322 1.287 1.251 1.216 1.18 1.144 1.108 1.072 1.036 1.0
1.445 1.4 1.356 1.311 1.268 1.223 1.18 1.134 1.09 1.045 1.0
1.518 1.466 1.415 1.364 1.312 1.26 1.209 1.155 1.104 1.052 1.0
1.579 1.52 1.462 1.406 1.348 1.29 1.233 1.174 1.116 1.063 1.0
1.628 1.566 1.5 1.44 1.377 1.315 1.253 1.188 1.126 1.067 1.0
1.666 1.599 1.533 1.466 1.4 1.334 1.268 1.211 1.149 1.075 1.0
1.705 1.635 1.564 1.493 1.425 1.352 1.283 1.223 1.141 1.07 1.0
1.743 1.667 1.592 1.52 1.446 1.372 1.298 1.223 1.149 1.075 1.0
1.871 1.784 1.697 1.611 1.523 1.436 1.349 1.26 1.174 1.086 1.0
1.969 1.864 1.77 1.673 1.577 1.481 1.385 1.286 1.191 1.095 1.0